[0.82608695652173914, 0.82608695652173914]
[0.82608695652173914, 0.78260869565217395]
[0.78260869565217395, 0.78260869565217395]
[0.39130434782608697, 0.34782608695652173]
[0.60869565217391308, 0.52173913043478259]
[0.69565217391304346, 0.78260869565217395]
[0.78260869565217395, 0.91304347826086951]
[0.86956521739130432, 0.91304347826086951]
[0.82608695652173914, 0.95652173913043481]
[0.91304347826086951, 0.86956521739130432]
Uniform kNN Accuracy: 0.752173913043
Distance kNN Accuracy: 0.769565217391
